3,2
3,1
3,3
10,284
10,114
10,166
10,242
10,238
10,312
10,104
10,262
11,16
11,8
11,10
11,6
8,15
8,2
8,3
2,2
2,1
2,3
49,5
49,4
49,3
49,2
49,1
49,0
48,5
48,4
48,3
48,2
48,1
48,0
47,4
47,3
47,2
47,1
47,0
46,5
46,4
46,3
46,2
46,1
46,0
45,5
45,4
45,3
45,2
45,1
45,0
44,5
44,4
44,3
44,2
44,1
44,0
41,4
41,3
41,2
41,1
41,0
20,3
20,2
20,1
19,3
19,2
19,1
18,3
18,1
14,3
14,1
13,3
13,1
12,3
12,2
12,1
11,29
11,28
11,26
11,25
11,24
11,23
11,22
11,17
11,12
11,11
11,5
11,4
11,3
11,2
11,1
10,308
10,286
10,282
10,268
10,261
10,259
10,234
10,200
10,173
10,164
10,163
10,143
10,131
10,129
10,78
10,31
